588688704
2251874967
1398268284
952121708
298745364
302670382
379761091
902505895
341742843
732642176
389188496
1640368477
912555314
2341484355
107133528
1684128174
402641594
168167821
314727565
2214249243
634410884
1600636032
111072805
345875787
185004504
2225551675
343846366
1142859554
973766564
115346860
1830740593
569100816
1045886798
2177314258
176996082
802878511
1557854976
2160377895
794848446
2253693764
599473257
824178138
2193243179
2407715266
236365585
1368253092
1366566973
116460578
1463967504
926324095
508650780
1525093746
1311064051
100316358
706891850
440662726
2267923875
464506718
546073462
1246041164
1477128386
778656062
1210759238
278041380
558526279
1601612552
2170181007
932728620
807470894
123209805
976316168
737372006
496298772
2221490939
263547875
391011104
252543018
852744254
2214177437
598633723
302203796
2959660235
346471712
505115502
340154870
1394224242
149692722
131880616
955588272
555133009
166926393
2318838741
320109325
1615695500
265942448
108551866
537408680
1903388647
153500450
371283457
212338984
1079369838
1532184392
418888520
750507590
243966881
343338545
2244953625
788042280
2151179217
1207736822
425664266
93567786
569978379
549511298
1160981636
159034349
268501092
258850284
523401364
52561255
2185849283
234552527
2168037569
2353384300
1222870272
217713241
800040008
744678342
169700376
432576206
2218025914
2152901218
118007950
1481651407
2164145895
547811133
802297224
568012194
587677162
618394751
257156520
957198019
1697068069
1688159173
1013657490
268960781
755534988
263348140
587699556
421624058
1496467548
905840642
247694367
529868406
611594015
372439360
205814981
593072808
833353718
798679976
1917706531
364633150
93249115
2338904806
910593666
1513186147
705895488
861955794
330927603
2241913139
1421560082
2198141505
1356608010
1479400688
411170210
255918405
853345608
2189997982
1587816025
2246775569
2206121433
1706001157
2224230195
238249513
2286711448
499177047
1444552087
2169758271
780243290
898468825
330326700
995256577
2354513550
2831314881
352346940
519014771
1875360378
738812923
238129479
284799564
523410810
247314857
564603906
879910542
1519378898
517950257
578940399
426140482
1482149239
1167329005
1086930523
86040565
379868083
2241516492
2380661680
903638286
603209919
122128694
102813987
501009813
225913062
328152888
792487700
529391413
1051664407
385963084
1899971575
2183785990
1478044680
506571064
363899201
536110868
334264997
2200338713
1149497942
2253006256
259799802
2183328298
952309058
1541336322
1117211923
1044347156
444038574
1521715339
2292780510
2940739936
1863247910
2157346180
1853653034
90731708
2187890560
1630145935
484083854
558829061
1015842054
332747191
2196369523
575046491
1466694589
374970570
297838190
442166072
1577350069
364416928
1517224045
2260193277
712022485
1305830700
267101363
719903452
570200597
341051704
2192765880
428832485
2332432997
436591684
2277689128
517588408
2171370921
194963890
929338986
610908531
2272095295
2213056543
942488922
535209314
167425612
118733189
1593422167
344299824
1246235520
1352227723
426944344
365447041
1144991018
2407175656
151601129
885292945
2320165018
1246375256
2174551420
2166652053
1932172790
347371316
1086908197
858340585
455162127
574028138
729582247
1943903634
1077975950
320175390
1478508901
2186005067
2149446351
2207860119
1919820440
1317969734
151940722
227419312
2264377176
1520316102
187850498
471338328
132270021
2236861053
858788712
700724631
1901065784
576254141
1885348759
1257550440
333728814
1292218177
106046993
425219819
32895727
2243003393
908912647
98623180
149039106
1479639200
1370169397
2238741382
2241335823
610642443
554231370
2196499377
409519376
737534239
2199466219
579952321
474828360
104743383
316042660
1035239184
1864282320
1390669346
808500038
1093329308
884329878
191313692
950145548
2318957207
1908240757
67089550
1481718674
1519131270
1470286020
2243626587
1029047508
768178321
116885873
62479921
397254853
97870205
324630109
376665029
1257580094
789255450
459958176
330045104
373252609
487659254
2166041343
524666828
2157263283
723943105
388229539
2359840071
158103074
120054436
250092216
1484840618
518450904
1371716382
235954057
607140507
457002364
1373291306
258390862
929192695
273913727
339044126
897287706
931562192
1289449530
1142776819
869564539
1681248193
2372726505
229153324
478955014
489772346
944060239
468788318
871904894
982981027
989481614
2181116229
364817603
453187815
968198318
2243512083
1913749898
566078207
1044036788
167565695
2266346328
252970451
2250702664
62228515
239115708
2263734383
1679814066
1567786022
710975087
246753831
947787540
484677122
149542674
100800343
422989029
1517645071
267071086
857622284
1729119720
269801601
2245904964
2226846129
1561189926
2210999533
227318489
237831479
2245905802
558408431
489777637
843809599
902453071
1496316708
961069922
307005939
491709431
714965829
397523459
544543622
110757748
427703956
2893793999
896075480
119782938
888160267
1685508547
529416647
237029201
1713173989
1869330289
535889922
132193161
721487431
409850093
453850605
397929464
336684379
767634470
710197885
823323866
953362297
925999802
1853707459
294535646
332433676
178636834
858012594
835584343
823920067
342701500
997326260
313207482
2206134676
374383957
2335211459
797811865
2157526158
1107623084
2270109366
113018208
124698936
478960034
637223698
315346853
218950540
1943744792
2217299595
1498421592
2311332424
862741530
538200704
2171074191
2201835379
264603200
2209385348
2206397179
328492753
1588767758
416600024
2187781054
762136309
338598364
1064000941
1474218146
1379263411
217547436
858580333
2331902553
417211971
720653559
36627862
1339931858
240950035
1145796578
233218663
1172015474
71786642
169379560
378777609
1539633318
219792073
269324369
582639622
1453841251
1550126930
1185489678
586740485
114897628
1944343754
925251138
1640587879
603833315
1257545142
273502208
1971710804
559538311
1228371290
1236216313
2237353692
290695144
800464315
115809762
291921699
703007410
615414810
339886735
533209885
1035404347
419649352
483266203
468343927
2221402222
858408374
308450547
770688655
493025633
1103827416
93941323
549147772
1518769975
400201818
893750948
249261746
217206388
1689249618
2311144271
357464598
1324418557
588150248
1548868368
574748028
375663250
2375534851
449040938
2229189645
478935497
886452048
2363753805
1273098758
329272688
2233005577
1109199374
2380942489
2218015822
1264998991
436644950
2174976233
288930936
2157516035
497348599
334730948
924989407
862019221
1630191492
364529739
619955966
2206151085
2734099463
1270604660
422613993
2368567095
1778490584
143753150
1085913541
562410297
1626482168
370839377
2318852387
898092996
307752900
501042607
478818191
901804447
1976354226
2379373747
56141959
375858582
919899848
334278463
507029371
74525653
1976718672
2322359225
1095159199
945961009
233655360
2268629938
2363314365
1464224024
368181062
1492713109
1491424356
966652082
1353687798
434952810
1033225280
384872629
1867912424
1546420028
105593762
320697085
1111969495
2149551873
379667282
586902795
250844432
578937485
700023969
2169935431
85116465
248549226
328908618
461087711
1169692208
1480247132
1495600194
2268868996
907251211
637154917
923127152
2310304144
562374660
1710511176
951550550
1545093692
289792367
312871587
607914458
2176220519
366322360
1139092052
1671483097
300873663
1397012269
884681196
957408954
1198894070
323670869
204000261
196289571
500961171
163442191
458299721
862943612
101173023
90710807
912222348
1510205821
1872137534
565033923
295748677
2192872563
2162264612
581900903
332314909
1960752145
558974946
96790490
1324381638
2181938703
794573202
1488559580
796554235
1940045234
262690077
2231195891
486542764
396760750
329266329
125640424
401299565
1174475352
932191746
246181134
924715339
792289526
1933404618
2186437923
2275387697
1523144473
403265198
752900334
328430245
1723312321
1164430729
111995597
2259670817
339802973
2373479705
121320754
602267920
2163491626
1891255458
822235532
713487888
480271818
481277586
1875543518
912849806
633649498
67529924
408886520
717396430
2178872805
2212639679
540026045
1125503641
313860785
2198909343
364179567
406442080
348045945
475654322
221911481
1018059103
1521583572
1355033240
1401533816
422257970
914549244
879522145
997795777
719094901
513718986
2236191611
1048044373
487661457
1500563233
330431264
505843565
455838456
381118743
212529943
330634018
2159668370
176035085
423331407
561104248
265595329
1209113642
2248979560
2294791028
73882142
1611500948
618921546
95165672
436084826
2203524680
861319802
179126341
488687278
300175994
582812971
2201039251
185135707
1573456447
1084493796
2203269868
1563634940
112182018
2158208926
123841957
98726563
1329694412
930094824
2203248304
1448935446
456805572
1091963430
1626145874
1470805574
1349927893
977024251
506095270
1458146636
568003758
1600751857
1027231561
514832689
302300985
1088937547
349690002
351530042
1922483466
573915345
2425333779
789711906
923300382
761917392
178083261
234768018
161944959
341622092
2296317405
351820366
418970329
2167649145
2201587868
99165398
215767227
1158365179
489579699
867852980
718992871
332332317
472042014
2175525484
205611649
400928265
368339645
2190399873
279719326
327863993
781058148
438166462
1591530763
1499150929
506134342
1555144662
107469097
1444622191
398887687
508763269
1362495836
635781561
944100344
261673072
1688640072
1230944767
2248125941
213259574
1241986249
446385381
2148467123
162834647
1290240865
1063912957
2249327088
1040212333
1930676000
2207581067
785197916
878379312
2194500504
99336698
1879305020
773580151
235084938
2166567491
2165015349
363356038
210938006
101505160
1479820261
499741439
402730104
416637061
441665613
2200989237
364154223
2285725216
1924671685
92578992
1045254026
2231902835
487730497
479368150
298751866
2344080953
240647277
114034093
975625622
308991576
1586745092
941324016
236084993
3365696296
416328439
2376026500
993460591
1942088576
359272526
1603976414
464476280
1171893589
1691745355
250103550
937414903
168444471
481419460
463227492
431075411
728911172
490525691
383985525
2180966505
1393907341
186349171
2285277267
121440337
422097565
284990177
434294518
541086391
2318457495
796906537
439131212
725836068
467369068
120882348
362534548
1037218164
125924627
917524783
703735791
866700672
987305293
592880502
596958627
733101282
1288155691
105179308
1221024002
1064121320
2147590826
465797943
347838412
529665831
253640478
1014073854
2251798034
2257042385
1488185689
705645762
615182155
1512854160
161972754
380524848
754055977
83350572
1658877434
315525046
1495925480
972351086
524452969
1474868900
398090984
886130293
1011848257
269568012
1480072909
1849428054
1283201377
1422706736
366780694
186560639
1513814893
2231723717
1050830220
1107493885
2199959726
2302305424
1895065938
1251085447
536608482
185475086
405418052
1381420634
147220176
418248797
617181761
406116128
98840540
755476237
185376215
318012602
1869011738
2261812407
733335686
243659366
2320742560
2262209134
1011963924
2199636910
406139078
600848691
1385129882
579122498
2345256647
186023070
1306687801
99784388
367939938
587115155
150196299
289486939
467888968
757598400
1865450227
587720413
1532977098
584118544
2294494507
127168208
531385619
335928946
1863855680
1193260728
2416681523
714364628
2158474871
167049932
1729791342
1376119699
926081456
144214498
585986204
384864630
173262397
942163344
1406126946
620871953
1655154223
265070555
1265503890
949405668
255031122
744130242
226090687
1394438576
118217843
223571251
1527710377
1893256244
353251205
1050772754
1581254011
1638899432
422097218
106665878
973808485
2183097993
221078575
2186493833
309885564
302237359
1244516444
246702056
2229468033
2165010239
588515431
491193673
1283289349
267160671
1295738924
974513263
351549612
594466889
111931982
464909920
1107185142
430060690
1239671533
524517128
1567595671
623865906
437838078
266180971
2202146021
224774230
204608910
306091444
2766522698
244714042
2171191271
368295536
324070633
439952213
473406229
2231502356
1976585636
2242482852
389661793
2206233885
166687923
389359553
957710929
1111348346
193778934
1190912126
817022119
1100260147
344826252
1919911176
1612266026
112921811
106109928
136029908
2151216598
73408403
1065227966
246178218
1438343694
129289953
103670109
1091668910
190224356
99975472
1583549832
1931957618
89510102
379135892
459604725
1015272139
2351076531
1488702012
476233989
2191869951
129808489
1000295412
420427261
112753142
496919193
381093789
1076695344
792205514
210182022
446359337
243178378
313295035
2312682340
519262167
2230355199
253158788
1478976252
720325141
315091841
179228124
341576856
220397908
956001218
606684017
2893281825
372945362
353599558
1888515210
821454601
147155591
980295554
2224420912
184042756
1099497684
241895846
1497683982
706955785
1071528734
2176883967
857148246
1623099480
295116703
615944427
2253532748
1346780706
959933654
551967584
1685268499
523545332
930581276
1867857156
714355395
1131435230
556088494
387408833
190405543
1178579226
94387481
573560658
1209551959
116771124
872435282
2174593121
520729004
1075974684
1909037702
245702508
198955981
191179559
710086427
1919703036
2211198026
944000425
1152415556
251567262
1867823419
2187910329
456765405
1100616278
11500662
623595181
384027373
333597725
1484631306
719812794
565354685
418522288
2238210218
2184784624
595242361
379253564
407920925
636096631
271941017
2360605059
329596050
247262078
380356143
1492891728
126998940
829307112765456384
1578031062
30693803
1104716689
385348207
1902187560
452094454
319254993
712285619
941028506
104244475
721988360
343193674
602897664
492283661
306444635
298173766
349732920
446549119
2227366846
727722823
2193811624
2303483295
1008394392
2168516009
178522799
28760933
822855476
1492544256
231230648
1239386952
460935361
322250445
586574258
1443447416
2228817406
1062542772
467780634
2243045943
357411293
1595295007
2294352491
2163311583
2258519562
449604488
2259446610
2181162766
313140601
245140606
471441332
165484708
1442968170
1546229574
215197687
2261171536
347693909
1047597535
539461637
283001461
957610806
2155407291
2234889131
2260439961
134056197
2459224678
741561942
866953380
453368045
279090450
216848919
546728238
1719049544
2206267450
1526931385
632318548
2193088161
336768553
159862829
192451456
307020038
622100046
220933742
902610055
1620710893
1705471999
1292030617
850843322
1280085596
164027238
1227697363
1320953852
1050099416
504511338
2360525188
580133471
2182167287
129783444
2410746249
1126180633
1686654979
848908621
221816500
1418682942
2319803001
97273741
280594563
1391737866
1534125804
1485183156
998926256
432687999
318877751
213692341
2182876628
2207229938
263328541
1057126603
2331715358
607584571
597123437
1211365814
2209967541
1743986294
394935038
161804868
1238644268
1504475857
2202284877
2230249097
593988026
935503086
2200022298
345964734
384326555
1528423926
341369077
528850982
591808264
231518945
328921530
866941032
45876571
308386760
154064347
863378221
376214110
229611852
2231239693
299565731
2245192720
2382657789
1143467202
945814728
71208139
451648407
2322942719
848333029
185731986
550077462
452458858
620816835
2321775424
1401525493
17385500
202737151
126696094
239404269
2245241777
1101470910
2218081848
1477649718
1375480465
349621966
2156165705
384726032
525443360
317290007
80704684
2287189260
1480301100
483347985
2216407532
2208679847
2196069567
218991503
399020986
781161780
195728589
1637816498
1753853161
246545270
116022565
403331041
236107613
389963370
480184531
518700149
1676736356
1080980137
2332523925
2330380586
222154255
565049421
77452914
2368764465
2180897753
600637275
487938034
1522127052
1478318448
458374176
1214734640
251182156
557638521
390752541
1566520338
153480008
2199183585
339198088
791214888
978809346
313978945
1255523833
537178587
204819566
616262460
715148714
1121257297
117132199
1419082051
2182251207
434923625
212999797
533315516
52336063
474240422
2237325363
582157404
1948678772
359554062
1563117248
217830863
1723249939
1937566291
190954164
2236746177
574642177
109086901
235517745
104162321
1176831054
1039888490
367646691
2170967395
477293799
2236263720
124101993
203221840
301856719
271357469
179679328
1527371582
1180059895
2177394076
796115792
1032312378
1330962901
494195694
1660098126
1453364203
2254804362
1335156242
1478164327
1069096404
344297992
389522437
339537423
108710449
607286360
525327321
1134068305
1307513742
121090747
1531758997
2307220186
107689203
183992294
717646881
476915607
736630946
712519009
1538369647
557578209
435024781
1661941291
201186461
128457556
1055412560
1972887906
929322978
365411676
339847846
855168907
918628442
1341229674
528695139
94517324
2273652844
2248438234
263244800
2213391437
142970752
1001323231
1677756708
1123417070
846798438
1931026532
129640515
1141002276
840520062
2210974618
2990380655
2402347065
97051790
1909170458
1524235357
472251214
1569029244
1686301290
1489769797
839150876
1060234172
2183595016
507934490
166909142
2235110657
1352198960
548750474
1107258380
1220801233
420643997
220992552
915134022
2175495273
546626297
1713243912
905799044
289978949
64825768
1373083105
404145340
858387001
1088824556
192679893
598261750
81035808
288836479
457704904
810736357
1263645756
1086907046
254697370
306787216
999249398
1678369249
264181234
1490802332
1931606214
228144440
2260684237
1699620841
613506360
539333665
302776186
1910819425
2309758896
328071056
1160097469
108919127
2206368304
347727417
166319101
764355396
623678581
172080232
352911493
1010897462
109704425
2250524368
1194521970
570086013
2403378011
712856967
2358289942
306109843
609531987
144855363
999679970
1193358217
65468685
1063969453
103799795
1410826764
1389495204
1520202902
625426295
1473528128
321322801
183376757
722679314
66804368
984350442
332126320
333072248
550940765
397627170
112728081
910822729
2237857053
1414547407
603574354
629548903
454304448
409965608
390260292
2148882370
239587882
246680936
579655420
473646430
350950024
410253096
309872971
374046635
228175052
2240573591
313837297
345354766
451538113
125154685
121464035
1932152484
215237928
1390094888
181177045
981216260
1307075940
101058755
391366620
771555698
1974195362
2253466129
817698486
124950537
313439257
368530494
98946018
145357770
2171974777
1228202030
937035944
445775166
157897828
714277071
191072683
509184047
97934956
462206117
82195039
1553018365
1698295556
235860880
277149605
163415349
1510722475
584148330
1665592722
500625022
1485562238
2301769436
548473664
1510709894
268984717
348964199
352360508
612904924
1105912656
1107284846
2397519173
2206410455
1658058504
705607903
712321884
302718604
1550863597
1166748264
124204593
1137945685
226625476
411620238
1689208171
952339170
455074597
122729412
2240138265
2296985751
288780997
598409367
923496199
366218508
600473217
1104503678
1125003288
823551108
145545215
913093584
384311915
329520214
1391259572
2340845591
1628602394
960176142
1528672032
485557764
1480039122
357438080
2184940444
318718329
212930348
787703935
618230491
1625950027
2148558771
721091217
131283038
493537438
1067996636
219014819
705610081
442387643
288861469
197976261
1691641597
1226236844
1614393534
634066543
467798355
1063380794
778321693
588493184
322746951
918310316
411389766
2156860484
540749586
1729577780
578377180
951406842
117114821
248119964
444028489
1164206287
485727323
990498259
1604401344
87293241
723921860
441099971
30678448
344301771
459070357
186128272
209747935
569261472
429234884
1239396942
2272805060
2234338696
2155828379
719216729
190203961
615076730
2230682962
902620416
424937912
1174036418
2157113693
346716967
778800944
1767559759
383693650
1197621943
454155665
518997738
2198296409
2174360164
571076029
1430284920
239457763
1466964278
156558779
115017652
1307006324
853701943
1209159500
474895666
445435135
2239722628
2257698190
395826175
893631048
243316294
1883726148
2189798488
1653941737
435189239
544620764
1070866758
2243709093
344037827
175326504
602054403
914977591
329619146
198931650
2216029232
147238441
496984197
92343148
1548830796
954577992
1438579296
269826320
311386308
378644379
472254638
238089534
227269568
383427848
2196218143
306751283
759084583
1124022582
854885280
287867318
295833311
1453930082
572983708
458412635
164205877
403266254
2163754361
351579727
794884662
281272113
2281681006
791556330
2887272609
633032498
1112657850
1266197570
471830351
1120263812
543607574
425144006
575522984
2234506490
1315133240
1745316787
1166054899
285099319
549189016
1715202482
724525026
2329074251
1219410313
1935369914
1536646573
2256887248
937524632
817348088
98783494
2226750048
444438063
2225789019
581867028
932113016
2262501671
1479222702
485592419
1099108098
219918199
445739144
720002927
417451064
600463783
2221765973
2163445823
180361789
224440047
1927187269
386596309
2287807468
2347254222
1359631009
387610125
316486588
1507849976
1022900155
944254645
320994795
1211222646
362418660
221314515
83089493
315669142
745117496
1559033370
177971890
798699206
841804284
1099214600
1307459772
409030406
2363352501
1571486754
1522701462
92720948
104416951
338956595
1901094974
195880459
1382292212
1202186510
111837913
54561747
2241194968
1561099472
377537231
1633313328
2220843209
327587500
763494098
108465327
1257057091
139641830
1172861340
970016323
637031891
48684145
338351149
2271353787
1631062490
1403462550
398211713
2278695034
1523011500
101246755
409849463
1524786115
1004349474
398694278
325569319
1530719406
185035932
1071056684
849832555
419598174
865049616
1393113386
615608451
477569765
2232645356
2212857071
1626279956
2185929127
333855147
374576491
981970626
780863474
206601659
34904190
906160808
863298908
1179826915
624026660
418796830
67542755
2284399445
462319642
80112677
1537566890
1142767008
233090370
478960347
1976063814
590294140
1259036288
1042647966
330844642
189954052
1933581770
446053348
1002098263
55531023
1918277480
202989790
2219078217
144789558
1074467658
299885141
178058182
1628628775
2785245329
1958215164
100065572
1108830050
871939519
1529925512
336161976
95614353
2317900594
309890673
748105844
467686582
2201611665
1744555670
1061377938
382807779
500216737
2280705918
2279637395
517838415
155197582
2151716321
90989241
2252562857
934177706
1711121354
342170677
704686721
2338534660
554694862
590980467
872409126
1594697827
391878549
1891315244
1971383124
2415719044
1523788915
248293576
1623705626
2261885025
2232859949
296457548
460242743
1427737070
428577632
239945888
1453430258
547903719
395399724
299621985
1510762171
1445134033
1521601513
2261693489
453238242
375190269
1091484782
2167050713
2310279604
246158941
2215797387
282227496
2220206225
1248195158
710889491
718203044
717267653
991057200
1127757998
2171080691
1435315340
447087865
316484776
850068354
984261193
2235781520
514769318
954986384
943740134
2361051508
386949765
360445161
1030363752
1484627270
93219061
2221509460
2199108124
351405627
270051868
240505773
986877518
2200908455
1024955430
1588486560
412132902
2156909419
891567409
110227584
501581412
1208371946
1213630674
345404747
110503849
705886675
1098781674
177086330
947333833
2319676852
95281554
351512344
935405474
987848678
2196692385
399691289
1202322314
576239216
1279893925
819992677
1147627825
305457423
2231113116
453136100
787489326
427653795
1100655456
1480065638
256050290
179974294
414152478
539217547
2369242382
98336110
83675075
877723452
1558863240
717450191
834081470
203683597
550459407
251061860
1557656503
608176259
594684902
562175292
2155774371
920720312
2233084797
2222290390
1382603058
798886633
837418219
2156292887
1041499740
1176909884
2154720347
1479886999
785933882
796927982
220936343
438767815
2292748322
2233360041
1083397238
457852876
973415731
254245389
76702062
972720752
256967314
718606193
275618431
2170550309
2291975812
743909352
370646162
2295152734
233246763
576413212
145352971
469369943
238995948
446493280
1635674256
1015134452
791484979
444120652
1399200775
2234531158
562579145
342630982
2236757759
92731488
2206254429
2166687383
1270609549
118116067
286320646
2238609861
2236312251
518842018
1172748326
227380825
561317227
376314111
2161250050
1833367249
804143599
402186520
422001394
108865261
700795160
1517277176
174170892
2262460035
292975707
1939330789
343296475
1241624438
702827417
1325340230
776956237
536726288
1004910648
718968084
570975921
218071562
769132675
2360990934
2407406829
982904778
2258514407
2242798809
450642198
1324367257
624226866
285044540
1325491129
1472094800
334900046
1522273464
985389366
1366787936
562106113
125370869
113488153
1458408498
2193128043
499138654
2253255145
384530853
319093202
943366430
343366044
416345257
1330039314
1160254657
221653242
187356368
2195656630
483846697
94991755
2240639128
2308154584
1248542978
2281779233
325156916
2189778454
90831030
2207444073
132182821
286448431
354939104
2160709930
628841018
1213738166
1267320762
1633845096
1178571696
33227725
1026353808
1510307658
414426116
295622467
889406653
995113640
539310551
2173137009
870179786
1572401851
1690967179
53328493
518972682
363876818
1223880470
212522757
1290711523
2260893135
189793410
248836991
471374554
1610382277
305678699
1894759350
498211767
1625823685
712550791
962375672
209090958
858004099
1102538750
227072896
324598205
271602645
380566780
108780358
1592942030
131104807
465892495
1024210933
2259257167
160160288
478129160
331882186
233249400
421965960
2283583540
109565780
364528522
1601772954
568595397
710830053
1381730390
399477534
1539331994
1321980524
315878072
1474488854
164454026
578857710
2333790788
120909825
65151518
2235423172
528465968
807146132
367929028
2182206778
102807264
1590244855
2212693900
400999275
467826262
3021303597
413053908
1863059113
856238388
1108683600
71220763
997560026
819065238
1219013412
36339273
106400278
716513061
379613014
1109553643
1600347415
1527289135
256195312
198292628
2306530342
935323274
375552784
2158902641
1066716061
288966385
755499158
214649559
401290174
99395955
1515770443
866241390
1055760835
417762904
492485045
1525332564
1475622037
367123250
775923576
507557757
1848658250
728982716
2238316697
316287316
1273375573
1123388323
1952488484
109544955
2334298126
2330865035
570901012
2286091253
1213981956
110353397
2255342800
240190900
921193081
2207839492
335907987
259294003
2280716222
185195285
92107888
2337539458
2201871540
183988209
313144200
1523070037
1635575852
615145959
2214547479
2271610013
316321563
2208515868
1547563183
2148953440
2996448364
303259629
72275482
846165726
1593294361
2375485931
599933788
721974900
1270042488
843469549
938582814
976638198
437312706
501710881
2194592423
344726180
334804837
1590649158
153041164
2205800447
278043886
161344791
576251881
1565819138
1513208870
291833703
1673082836
421156299
1624104218
371745750
293445114
1898128754
895305120
214410671
67567984
1642525548
1633577682
2194318258
220302818
86303236
1539434712
324455106
480746679
584548852
540811467
1601369190
108888914
1239954344
206754853
722093587
2369527462
1520579918
713110881
575523915
1976087760
51866226
1221135787
1432970834
1257347222
70341979
218063755
1283483887
1254355244
70354282
587806638
1076060714
962417346
853793156
1369515480
1923885326
2237792685
2176191892
2245870820
246262353
476553019
707335132
283607129
54704163
1890565362
584079184
299248271
600777944
559532955
925207796
2355411923
1001949932
2319727117
162120379
2156209167
434434306
970537302
871613636
123968540
1706631602
2367610824
1712918886
253490888
1855488440
1555778676
1392610021
108918905
1496511630
1167003056
72957030
1643111527
703313354
289789660
2252925309
162344473
2347323094
1912560836
751819448
750891847
567962942
2774330009
1540558568
179461680
2249817725
1573354526
798905666
2350617161
1033301430
220140902
715579449
917291136
296394383
289831264
94990678
2201588928
751082174
1637368922
2184838547
344730169
2241452139
542688558
802983991
489707227
1108497812
511681635
1262390035
2251771552
2277589497
203670097
1270139732
2237023511
1620776528
238738218
862828152
1544720408
544952759
602080364
120786316
625825977
471922794
2237160023
1163752555
1591688269
2248446693
736571522
2237997509
529399505
1540330123
447883862
560523333
1513677822
950499560
633841452
611743327
299780822
411788470
1473468780
314191209
518853673
469212042
2184420453
1915238694
152164788
1488463759
83004944
2151571358
149250604
1474811246
601379895
373921569
611046042
1974538866
2247085438
749472842
2153058292
1501693579
1524158617
631250989
1650576812
1477904924
2372485641
103647843
2346646887
605388406
794632801
297409505
311628336
439104468
607943123
1097939904
89539299
1530594314
394288200
1860342866
332986985
1863634411
1149374136
2183148189
2225683205
1399060506
119691321
2245416130
544962887
1715702162
271073702
2284313517
2339097832
50652429
77419400
1654033898
759473064
1007615234
2203673564
572710793
93349384
175142856
374190313
326658152
1493650748
1171242223
412904314
305573086
1678682610
215779904
2265757731
1077626226
459270306
2182163793
620126994
237693927
1181429354
705249752
193885840
2149519916
1071819733
2372762733
1272828362
479000608
285177347
583734456
220953356
542860756
702944721
480822726
2293158287
234146576
444797022
1498341516
496699828
927383852
168266313
2159036284
328542688
1113929384
862106664
185742975
551226502
1495039134
1693509223
844074709
369460371
1474857338
2361149482
612342032
1833699704
1268116758
398997935
2197752467
2282245125
753884684
592462079
931802156
1172936911
1492480550
375598550
485094472
405343798
1691180430
619717589
1711193077
1562554135
1553984407
2233682091
477113952
1481073518
2153871729
585806499
1100528052
607001078
2365260681
293496802
1425910428
1534673510
782748745
1523017963
2221536615
391579335
1450126129
604578323
2311681363
2289685283
222135348
867337952
1627729621
351607287
1384445281
1198856498
1246732908
576903586
2181932765
1572531680
358985858
231045629
346104786
2351447648
260429241
1551513786
398969563
739077817
1317264990
85574150
1091552929
282191725
1977692448
1550269843
1573740668
1571291983
337727306
1599658759
300447748
1894769210
445733558
101238107
297597699
427616713
544628075
2357378865
2299477781
453471864
195393467
142190451
328972528
363343271
520356197
169333273
525240394
1602775057
205335104
1142874889
2161910662
1122736340
120708907
2314066661
219597594
33305107
482282186
247884083
387279742
2233461609
66183159
494008433
1098647648
231847173
118177503
341471793
1555874521
1402486260
120092495
464109665
26448195
552752557
381448111
1100753803
440692270
437724929
714177429
615374626
1498080914
306134676
381332574
1608418026
832605019
178291917
344535551
634369091
321618425
163263244
554580497
2230060637
2966779210
203654203
207932569
626193091
333075812
2235029212
226636109
1013929651
99290986
1884196076
304587245
135628556
500735927
1864326314
2407824701
1610528294
614195851
1102104806
1510398054
1491760201
1196636930
14163810
812798282
1513918945
383383708
68036111
424435713
1586742132
570837557
2376695943
572834500
1326815592
148070249
178470360
2238033172
65445726
636956626
115597317
272341178
305240664
986994943
1064021820
2200789720
2351788791
142759287
1639023350
752827951
2428337949
2257034590
1479432164
1584999643
567171653
173107122
1616962524
93851450
151088963
232949670
910477111
2154286901
1100689885
535560974
299167905
61317519
1419146496
2184386495
382241095
254714868
1091774862
2273544332
2270063210
1156856624
976629397
792253454
555753592
185310068
2239076287
333604838
1479510025
1053498996
1555558879
1514175684
1123344782
98963719
1190554291
955873946
2229020319
2328541989
981359612
711552034
439334788
831767136
624666907
447174020
2203251548
357677141
39711309
1236443365
23580275
329270999
1347607483
864332503
1420515505
2279650589
1914662768
501797125
773004613
952090446
2182613064
1069406485
991647756
219583545
2198191661
545386566
714981295
1537355515
150024468
306454153
1060323632
1433293676
450851753
2228757315
2258870615
609057007
136213576
1314275402
186791466
1381907778
1458187008
1627874210
499170461
1635393049
1490354575
1157176706
1587592904
294141919
877870741
95609606
726282854
2359515492
565666962
898056114
963975739
330944576
353969698
1320180625
242480658
2318718731
197091915
544245513
120950217
426914516
891507272
2148868067
359888202
195359982
535505574
775990412
445098584
1357750436
357669706
121660681
2214445602
1047595080
450485030
141215310
407755910
592157509
492952200
974657832
2149529044
1071470910
2228825157
391623293
2269435370
573805184
350186821
192964295
210550189
590772221
1392019074
770225868
338286526
330169393
211984832
426074924
345449821
2312356863
577189619
212937216
1086412297
1916965261
260832983
2207841516
59113169
436570607
2221312323
2198956013
175680882
705945067
1290040118
360286566
1240736600
2196879226
445473214
534879681
2283807984
163429697
353823772
2411027145
577140663
599673210
705438731
340799391
1521827995
2348962392
2250494692
1894561772
510193561
326619657
2407136452
392061926
2167870059
442626795
185417751
2262773061
2192832591
2256327484
74422428
1061445878
428456435
1730335334
1428271783
2267838002
2330380423
121274584
324574813
162406901
1305552085
303430202
1128567998
1023776418
1511433541
426864709
1335920438
594166701
516717819
2231708243
86184468
339227393
545514551
215799188
1479037350
2284050280
217744097
876085542
337918589
344646994
1567671608
197806598
90005324
1842822582
33480183
806986470
351442514
770920982
2389841888
1119316856
230810248
1520639906
2287164949
2166035019
1000006722
415690777
943865491
451088635
1513091689
180271571
390418373
556377365
835969789
976345790
1975296121
420387654
499012494
351597718
1533942043
173051297
2411259352
2401410064
352570810
343218756
1591423544
1508264658
422697043
2411317593
2174634040
98182141
2182071526
384347911
1977093024
816910374
2251841555
390809965
70688135
1234770480
1485663793
1361189113
116183321
326761015
64651145
865096441
507783859
1886494471
1057536139
452414534
259405037
83483852
295281556
626396167
412584938
612408376
99740175
1671286112
818942317591662593
2264929866
75020429
871212229
3774343281
459557909
401225375
2275003854
296135919
2387843939
413341739
2180726969
1418553738
2183356373
92566473
2312395271
481881267
1459777956
558460000
360765631
1325434008
902233591
624465346
1856605610
1102227164
2150915754
1224321564
532131407
1248669720
238979923
295617258
800831940
396797857
305206003
593742800
979073244
1111868552
342946853
1689137714
159834873
2237154159
1024051184
1068304086
124846006
2158845197
863405360
300477889
2291347888
1252318662
106223963
324147471
1069587378
91616598
712201722
592259322
2156297225
2591763100
869357742
348680038
471991914
189245439
866135690
2202378033
827443837
366724778
582062633
220796634
2225803540
165573848
1263907237
250750905
452269155
1523970157
1100040698
1177699628
220306528
1485472914
1619544253
2253632521
2356754431
716667938
1320434599
1615984620
560569169
909940344
421146319
2181802006
86065772
1553058186
457493976
227817156
729386773
890683190
65857303
250641882
1500325358
1154515051
203733651
2216297246
603781215
1242989718
1893271573
1443467804
885129822
296213591
88933401
1182401642
2174945386
194956927
1524603229
1213351483
324018353
476817785
508607913
2248375144
158024834
2220496416
842107483
602721615
451585435
815888521
170627880
505808315
485215682
2295224218
1476703123
1354638416
458055431
1411077044
1228488793
2197006420
1500693535
541143729
50736048
216595438
1319114059
2235130144
909851388
1510268886
387016520
260346645
470992633
210907044
751768231
158875619
325592793
1045040323
1663491637
620179105
249571747
905837040
456683728
945314036
2168673807
1022814548
951656174
1028158062
1703280854
134423294
535695806
1020757435
1696986043
703404421
454710017
2241788722
209786931
2198035661
1128120013
303669158
2222840060
98141566
2302926368
103077352
1477692884
908890682
1012303334
538010372
423427783
767969425
411630652
2354036625
1574688110
121691273
400865439
273786382
1520283541
2161919783
2243655635
590751408
446376276
385933391
446865347
348041286
2295128287
2326904037
2231520215
1525717592
113347073
344105120
242941221
2336708189
305800590
1563251520
432780006
780102049
86366968
1040513719
237908686
1551065016
1052115193
614234602
72682462
784662457
2280973882
554588604
267904433
209224493
94268905
361419082
700514638
2173728953
1862318010
338562762
2193954123
100838117
346110993
2248824497
1007174281
140782203
1874321628
476409073
721905426
996799506
626544401
350298048
2326704921
153756111
1493341560
342651845
446892135
345240643
552884998
355898294
567305377
1263971892
1532620620
308674991
1400134050
1829010667
862033008
310822931
2336294096
554231530
2247784913
184551026
1477847863
1215350251
85134291
516655536
233471705
534198709
2239691920
2208878285
80338447
880926452
1493869092
636410062
894162018
742688671
447241278
427618722
940027100
796496810
1330275374
824915563
2377498540
99133766
1434943716
107805741
769102202
1924643256
2336585422
443847395
2281336421
897019076
283434905
83391303
1527915216
434228695
1475334594
166710048
42833324
1124189832
921985632
1032296346
1257180673
1056043621
24358237
293439311
196490660
2248175572
368546552
2240339511
307010007
305654165
173574316
240804163
2193734898
384878507
2174125961
1608386262
2317068915
1337076085
409465067
1520562871
451383435
953179866
622151575
1061590376
742414728
282717876
294851204
633094599
2182374953
470170843
605256104
580011408
943012928
354507277
798690450
1485458942
50247650
557153069
407636563
1762734350
767397150
944041226
632050511
865101961
991360628
1444561770
319644265
1352204796
573539692
1516201207
1014808410
1058630209
36669503
469535064
1037996274
890751985
845700104
53085248
110481424
377983850
239878465
2298072274
827049800
711530594
884648299
852677708
2184631172
2186306848
35713452
483247289
1148099371
555064259
775312314
173984750
400627138
928732488
2237819960
2228183737
1908530430
470918492
1556685606
2181030669
1101892507
2459276973
86715106
204933987
1238992261
349065662
611799555
449853892
292828810
903528480
98158259
761208458
297645467
1440911857
1685762912
186040453
338661137
582803029
206087464
1339571468
293661747
2260742823
2189718597
1252866884
465734199
179019387
2266481203
1621504069
1045886941
1328109464
1425457278
118119089
1471632300
255402173
2182186323
405973947
1089833677
2230686081
97861475
544473846
1050628262
356046146
1493995802
1383714222
575338740
430218651
370063903
2252528457
1683820580
812969532
2152310818
712552736
411713276
207016730
426459435
567207760
1196417448
1405661852
533486186
1190161368
255106002
338982365
1264900118
2165119821
2266698244
276578818
95781765
217819975
990922802
946534916
314473866
306401870
2252285567
88642102
104948183
2200785562
2170858295
625493108
1745382090
1292412254
1036089248
1694322162
465940579
90662968
425832769
168273122
2180987819
2392083615
2205016761
2235496802
387982874
626491243
1716675990
1090544778
85852898
179857417
825643627
1620724352
1226214836
370706239
1523062818
604470070
380129512
1083777638
588062684
336214361
2242294745
767644915
118598702
543555086
2402813777
1896591486
164837604
2347638863
2169927464
2265259096
2169474640
1039675610
2240635353
77730568
438328738
2169826664
935152753
1959186216
255001769
1479619675
301610489
1485505116
2181652768
313929655
484262635
415017201
2408298231
1610511528
110668053
1394440206
1018353728
361928609
1566080756
2343664609
171635691
424463767
928097197
2176271853
564052256
737290844
199822965
2257466619
1464152582
306411423
293110198
2940741501
1092415814
448270266
473926054
300466446
544083319
428126845
1270464895
1200958926
1010575801
84396256
430568076
405597331
326743350
1337934752
792392678
188062331
96558569
427573984
2234878293
1472881094
793481568
90692112
177490835
317968446
1914089480
742767451
592577688
633731015
1556200508
1678411352
1521662546
430481820
248377361
1325331644
888553118
474286129
603002386
93293400
450086978
270573970
2372059000
290952145
120052211
1347891566
716420982
457654241
309241409
2204342338
452109565
207071843
328683581
1745176110
1495782151
1517323218
74153836
2213144833
112691384
94532439
553923678
384854864
1485354206
1134084038
264213887
1252549118
1173126373
593497459
970549994
826047642
261782566
1681536714
519483948
118394293
182327177
231780992
2389052517
942096643
2194731885
518968501
121805200
476906704
1547848153
1137595285
212176524
1583851868
440756245
288737187
437011204
553692319
202534815
303911066
624021163
400160267
219226998
1453980248
1077233328
2260753494
2258644382
1545594956
1970471239
1511666478
863284610
1083036908
1908792144
332189257
926985006
1595544090
2159282339
2216156995
1543945621
1616078514
56330341
762232218
1572550892
121354885
258833640
2199422440
709012862
181293913
1508620243
1732398684
2235420742
521562171
1231769796
705122953
1167273817
977045640
595716037
636513828
1537430917
324369000
294070229
2150262113
1167216620
741272120
2242207377
2234026414
2365621941
44175950
2232398589
597063219
2198471666
550028018
1645248704
1420086720
589021554
1270015274
1925787956
637408332
594016074
390100452
2246040015
1485826562
482156263
567445999
2220245568
2297342650
326810781
2281323181
2262524217
728323237
238931606
1201410300
2255293661
342077523
265592464
1685004056
185975305
1702685124
413393773
140502074
598594680
2345167533
1589775427
2243167857
350938766
2202314841
